 sr =   4.0000000000000000     
 sk =   4.0000000000000000     
 alphaL =    8.0000000000000000     
 temp =    300.00000000000000     
 external_permutivity =    70.000000000000000     
 BoxLength =    15.420216697275805     
 density =    30.000000000000000     
 dr_a =   0.40000000000000002     
 d_angle_degree =    40.000000000000000     
 xlambda_c =    0.0000000000000000     
 xlambda_f =    0.0000000000000000     
 pressure =    100000.00000000000     
 pressure_step_multiplier =    5.0000000000000000     
 max_volume_scaling =    1.0500000000000000     
 max_cycle =        10000
 n_store_traj_interval =    100.00000000000000     
 n_store_energy_interval =    100.00000000000000     
 input_nbytes_xyz =            2
 input_nbytes_ang =            2
 output_nbytes_xyz =            2
 output_nbytes_ang =            2
 rmax =   0.50000000000000000     
 kmax =           10
 kT_kcal_mol =   0.59616131957338403     
 rmax2 =   0.25000000000000000     
 dbjr_a =    557.00236319918383     
 dbjr =    36.121565224020877     
 xclb =    36.121565224020877     
 alpha_over_sqrt_pi =    4.5135166683820502     
 two_alpha_over_sqrt_pi =    9.0270333367641005     
 kext =    1.6096346658716105     
 minus_two_kext =   -3.2192693317432211     
 dr =    2.5939972689921119E-002
 d_angle =   0.69813170079773179     
 log_max_volume_scaling =    4.8790164169432049E-002
 pressure_angstr_kT =    2.4143217566605105E-005
 traj_file = traj.moltraj 
 energy_file = energy.dat 
 boxlength_file = boxlength.dat 
 frames_file = frames.dat 
 freq_file = none 
 param_out_file = parameters.out 
 random_seed =            0
